{"cells":[{"cell_type":"markdown","metadata":{"id":"zU92BX-5Pgsm"},"source":["# ì°¨ì›ì¶•ì†Œ Assignment1"]},{"cell_type":"markdown","metadata":{"id":"b15X2e8HPgsn"},"source":["# ''' ? ''' ì´ ìˆëŠ” ë¶€ë¶„ì„ ì±„ì›Œì£¼ì„¸ìš” \n","\n","ì°¸ê³ í•˜ì…”ì•¼ í•˜ëŠ” í•¨ìˆ˜ë“¤ì€ ë§í¬ ë‹¬ì•„ë“œë ¸ìœ¼ë‹ˆ ë“¤ì–´ê°€ì„œ í™•ì¸í•´ë³´ì„¸ìš”\n","\n","ë¬´ì‘ì • ë¹ˆì¹¸ ì±„ìš°ê¸°ê°€ ì•„ë‹ˆë¼ ê¼­ ì°¨ì›ì¶•ì†Œ ê³¼ì •ì„ ì´í•´í•˜ì‹œë©´ì„œ ê³¼ì œë¥¼ ì§„í–‰í•˜ì‹œë©´ ì¢‹ê² ìŠµë‹ˆë‹¤!!!\n","\n","ë˜ ì§ˆë¬¸ì€ ì–¸ì œë‚˜ í™˜ì˜ì´ë‹ˆ ê³¼ì œí•˜ë‹¤ê°€ ê¶ê¸ˆí•˜ì‹ ê²ƒ ìˆìœ¼ì‹œë©´ ììœ ë¡­ê²Œ ë¬¼ì–´ë³´ì„¸ìš”!!"]},{"cell_type":"markdown","metadata":{"id":"VHM2ow0gPgsn"},"source":["# 1) PCAì˜ ê³¼ì • ì°¨ê·¼ì°¨ê·¼ ë°Ÿì•„ë³´ê¸°"]},{"cell_type":"code","execution_count":1,"metadata":{"executionInfo":{"elapsed":345,"status":"ok","timestamp":1678007840261,"user":{"displayName":"ì¡°ì„±ë¯¼","userId":"15810378992467426330"},"user_tz":-540},"id":"tpoi2PmKPgsn"},"outputs":[],"source":["#ê¸°ë³¸ ëª¨ë“ˆ ë¶ˆëŸ¬ì˜¤ê¸°\n","import numpy as np\n","import numpy.linalg as lin\n","import matplotlib.pyplot as plt\n","import pandas as pd\n","import random"]},{"cell_type":"code","execution_count":2,"metadata":{"executionInfo":{"elapsed":283,"status":"ok","timestamp":1678018015535,"user":{"displayName":"ì¡°ì„±ë¯¼","userId":"15810378992467426330"},"user_tz":-540},"id":"ZcFtAQxoPgsn"},"outputs":[],"source":["#ì„¤ëª…ë³€ìˆ˜ x1, x2, x3\n","x1 = [95, 91, 66, 94, 68, 63, 12, 73, 93, 51, 13, 70, 63, 63, 97, 56, 67, 96, 75, 6]\n","x2 = [56, 27, 25, 1, 9, 80, 92, 69, 6, 25, 83, 82, 54, 97, 66, 93, 76, 59, 94, 9]\n","x3 = [57, 34, 9, 79, 4, 77, 100, 42, 6, 96, 61, 66, 9, 25, 84, 46, 16, 63, 53, 30]"]},{"cell_type":"code","execution_count":3,"metadata":{"executionInfo":{"elapsed":469,"status":"ok","timestamp":1678018022627,"user":{"displayName":"ì¡°ì„±ë¯¼","userId":"15810378992467426330"},"user_tz":-540},"id":"QB3ElSfuPgso"},"outputs":[],"source":["#   ì„¤ëª…ë³€ìˆ˜ë“¤ì„ í•˜ë‚˜ì˜ í–‰ë ¬ë¡œ\n","X = np.stack((x1,x2,x3),axis=0)"]},{"cell_type":"code","execution_count":4,"metadata":{"executionInfo":{"elapsed":29,"status":"ok","timestamp":1678018022631,"user":{"displayName":"ì¡°ì„±ë¯¼","userId":"15810378992467426330"},"user_tz":-540},"id":"WRc6gLv2Pgso"},"outputs":[],"source":["X = pd.DataFrame(X.T,columns=['x1','x2','x3'])"]},{"cell_type":"code","execution_count":5,"metadata":{"colab":{"base_uri":"https://localhost:8080/","height":677},"executionInfo":{"elapsed":30,"status":"ok","timestamp":1678018022634,"user":{"displayName":"ì¡°ì„±ë¯¼","userId":"15810378992467426330"},"user_tz":-540},"id":"6YYdgIxXPgso","outputId":"4aa523a0-de96-459d-e5eb-0d32904fe429"},"outputs":[{"output_type":"execute_result","data":{"text/plain":["    x1  x2   x3\n","0   95  56   57\n","1   91  27   34\n","2   66  25    9\n","3   94   1   79\n","4   68   9    4\n","5   63  80   77\n","6   12  92  100\n","7   73  69   42\n","8   93   6    6\n","9   51  25   96\n","10  13  83   61\n","11  70  82   66\n","12  63  54    9\n","13  63  97   25\n","14  97  66   84\n","15  56  93   46\n","16  67  76   16\n","17  96  59   63\n","18  75  94   53\n","19   6   9   30"],"text/html":["\n","  <div id=\"df-34e1f626-bdb9-4830-8526-65d562fef684\">\n","    <div class=\"colab-df-container\">\n","      <div>\n","<style scoped>\n","    .dataframe tbody tr th:only-of-type {\n","        vertical-align: middle;\n","    }\n","\n","    .dataframe tbody tr th {\n","        vertical-align: top;\n","    }\n","\n","    .dataframe thead th {\n","        text-align: right;\n","    }\n","</style>\n","<table border=\"1\" class=\"dataframe\">\n","  <thead>\n","    <tr style=\"text-align: right;\">\n","      <th></th>\n","      <th>x1</th>\n","      <th>x2</th>\n","      <th>x3</th>\n","    </tr>\n","  </thead>\n","  <tbody>\n","    <tr>\n","      <th>0</th>\n","      <td>95</td>\n","      <td>56</td>\n","      <td>57</td>\n","    </tr>\n","    <tr>\n","      <th>1</th>\n","      <td>91</td>\n","      <td>27</td>\n","      <td>34</td>\n","    </tr>\n","    <tr>\n","      <th>2</th>\n","      <td>66</td>\n","      <td>25</td>\n","      <td>9</td>\n","    </tr>\n","    <tr>\n","      <th>3</th>\n","      <td>94</td>\n","      <td>1</td>\n","      <td>79</td>\n","    </tr>\n","    <tr>\n","      <th>4</th>\n","      <td>68</td>\n","      <td>9</td>\n","      <td>4</td>\n","    </tr>\n","    <tr>\n","      <th>5</th>\n","      <td>63</td>\n","      <td>80</td>\n","      <td>77</td>\n","    </tr>\n","    <tr>\n","      <th>6</th>\n","      <td>12</td>\n","      <td>92</td>\n","      <td>100</td>\n","    </tr>\n","    <tr>\n","      <th>7</th>\n","      <td>73</td>\n","      <td>69</td>\n","      <td>42</td>\n","    </tr>\n","    <tr>\n","      <th>8</th>\n","      <td>93</td>\n","      <td>6</td>\n","      <td>6</td>\n","    </tr>\n","    <tr>\n","      <th>9</th>\n","      <td>51</td>\n","      <td>25</td>\n","      <td>96</td>\n","    </tr>\n","    <tr>\n","      <th>10</th>\n","      <td>13</td>\n","      <td>83</td>\n","      <td>61</td>\n","    </tr>\n","    <tr>\n","      <th>11</th>\n","      <td>70</td>\n","      <td>82</td>\n","      <td>66</td>\n","    </tr>\n","    <tr>\n","      <th>12</th>\n","      <td>63</td>\n","      <td>54</td>\n","      <td>9</td>\n","    </tr>\n","    <tr>\n","      <th>13</th>\n","      <td>63</td>\n","      <td>97</td>\n","      <td>25</td>\n","    </tr>\n","    <tr>\n","      <th>14</th>\n","      <td>97</td>\n","      <td>66</td>\n","      <td>84</td>\n","    </tr>\n","    <tr>\n","      <th>15</th>\n","      <td>56</td>\n","      <td>93</td>\n","      <td>46</td>\n","    </tr>\n","    <tr>\n","      <th>16</th>\n","      <td>67</td>\n","      <td>76</td>\n","      <td>16</td>\n","    </tr>\n","    <tr>\n","      <th>17</th>\n","      <td>96</td>\n","      <td>59</td>\n","      <td>63</td>\n","    </tr>\n","    <tr>\n","      <th>18</th>\n","      <td>75</td>\n","      <td>94</td>\n","      <td>53</td>\n","    </tr>\n","    <tr>\n","      <th>19</th>\n","      <td>6</td>\n","      <td>9</td>\n","      <td>30</td>\n","    </tr>\n","  </tbody>\n","</table>\n","</div>\n","      <button class=\"colab-df-convert\" onclick=\"convertToInteractive('df-34e1f626-bdb9-4830-8526-65d562fef684')\"\n","              title=\"Convert this dataframe to an interactive table.\"\n","              style=\"display:none;\">\n","        \n","  <svg xmlns=\"http://www.w3.org/2000/svg\" height=\"24px\"viewBox=\"0 0 24 24\"\n","       width=\"24px\">\n","    <path d=\"M0 0h24v24H0V0z\" fill=\"none\"/>\n","    <path d=\"M18.56 5.44l.94 2.06.94-2.06 2.06-.94-2.06-.94-.94-2.06-.94 2.06-2.06.94zm-11 1L8.5 8.5l.94-2.06 2.06-.94-2.06-.94L8.5 2.5l-.94 2.06-2.06.94zm10 10l.94 2.06.94-2.06 2.06-.94-2.06-.94-.94-2.06-.94 2.06-2.06.94z\"/><path d=\"M17.41 7.96l-1.37-1.37c-.4-.4-.92-.59-1.43-.59-.52 0-1.04.2-1.43.59L10.3 9.45l-7.72 7.72c-.78.78-.78 2.05 0 2.83L4 21.41c.39.39.9.59 1.41.59.51 0 1.02-.2 1.41-.59l7.78-7.78 2.81-2.81c.8-.78.8-2.07 0-2.86zM5.41 20L4 18.59l7.72-7.72 1.47 1.35L5.41 20z\"/>\n","  </svg>\n","      </button>\n","      \n","  <style>\n","    .colab-df-container {\n","      display:flex;\n","      flex-wrap:wrap;\n","      gap: 12px;\n","    }\n","\n","    .colab-df-convert {\n","      background-color: #E8F0FE;\n","      border: none;\n","      border-radius: 50%;\n","      cursor: pointer;\n","      display: none;\n","      fill: #1967D2;\n","      height: 32px;\n","      padding: 0 0 0 0;\n","      width: 32px;\n","    }\n","\n","    .colab-df-convert:hover {\n","      background-color: #E2EBFA;\n","      box-shadow: 0px 1px 2px rgba(60, 64, 67, 0.3), 0px 1px 3px 1px rgba(60, 64, 67, 0.15);\n","      fill: #174EA6;\n","    }\n","\n","    [theme=dark] .colab-df-convert {\n","      background-color: #3B4455;\n","      fill: #D2E3FC;\n","    }\n","\n","    [theme=dark] .colab-df-convert:hover {\n","      background-color: #434B5C;\n","      box-shadow: 0px 1px 3px 1px rgba(0, 0, 0, 0.15);\n","      filter: drop-shadow(0px 1px 2px rgba(0, 0, 0, 0.3));\n","      fill: #FFFFFF;\n","    }\n","  </style>\n","\n","      <script>\n","        const buttonEl =\n","          document.querySelector('#df-34e1f626-bdb9-4830-8526-65d562fef684 button.colab-df-convert');\n","        buttonEl.style.display =\n","          google.colab.kernel.accessAllowed ? 'block' : 'none';\n","\n","        async function convertToInteractive(key) {\n","          const element = document.querySelector('#df-34e1f626-bdb9-4830-8526-65d562fef684');\n","          const dataTable =\n","            await google.colab.kernel.invokeFunction('convertToInteractive',\n","                                                     [key], {});\n","          if (!dataTable) return;\n","\n","          const docLinkHtml = 'Like what you see? Visit the ' +\n","            '<a target=\"_blank\" href=https://colab.research.google.com/notebooks/data_table.ipynb>data table notebook</a>'\n","            + ' to learn more about interactive tables.';\n","          element.innerHTML = '';\n","          dataTable['output_type'] = 'display_data';\n","          await google.colab.output.renderOutput(dataTable, element);\n","          const docLink = document.createElement('div');\n","          docLink.innerHTML = docLinkHtml;\n","          element.appendChild(docLink);\n","        }\n","      </script>\n","    </div>\n","  </div>\n","  "]},"metadata":{},"execution_count":5}],"source":["X"]},{"cell_type":"markdown","metadata":{"id":"NTRZsZjkPgso"},"source":["### 1-1) ë¨¼ì € PCAë¥¼ ì‹œì‘í•˜ê¸° ì „ ë°ì´í„° scaling!!!! ë§¤ìš° ì¤‘ìš”í•©ë‹ˆë‹¤!\n","\n","https://datascienceschool.net/03%20machine%20learning/02.01%20%EB%8D%B0%EC%9D%B4%ED%84%B0%20%EC%A0%84%EC%B2%98%EB%A6%AC%20%EA%B8%B0%EC%B4%88.html?highlight=%EC%A0%84%EC%B2%98%EB%A6%AC  ë¥¼ ì°¸ê³ í•˜ì‹œë©´ ë„ì›€ì´ ë ê±°ì—ìš”"]},{"cell_type":"code","execution_count":7,"metadata":{"colab":{"base_uri":"https://localhost:8080/"},"executionInfo":{"elapsed":456,"status":"ok","timestamp":1678018140110,"user":{"displayName":"ì¡°ì„±ë¯¼","userId":"15810378992467426330"},"user_tz":-540},"id":"urxrwxdJvBre","outputId":"35ec4349-6162-4ddf-b1ab-ae3a7512547a"},"outputs":[{"output_type":"execute_result","data":{"text/plain":["array([[ 1.08573604,  0.02614175,  0.30684189],\n","       [ 0.93801686, -0.86575334, -0.46445467],\n","       [ 0.01477192, -0.92726334, -1.30282049],\n","       [ 1.04880625, -1.66538341,  1.04460382],\n","       [ 0.08863151, -1.41934339, -1.47049366],\n","       [-0.09601747,  0.76426183,  0.97753455],\n","       [-1.97943714,  1.13332186,  1.74883111],\n","       [ 0.2732805 ,  0.42595679, -0.1961776 ],\n","       [ 1.01187645, -1.5116084 , -1.40342439],\n","       [-0.53917504, -0.92726334,  1.61469258],\n","       [-1.94250735,  0.85652683,  0.44098042],\n","       [ 0.16249111,  0.82577183,  0.60865359],\n","       [-0.09601747, -0.03536825, -1.30282049],\n","       [-0.09601747,  1.28709688, -0.76626636],\n","       [ 1.15959564,  0.33369178,  1.21227698],\n","       [-0.35452606,  1.16407687, -0.06203907],\n","       [ 0.05170172,  0.64124181, -1.06807806],\n","       [ 1.12266584,  0.11840676,  0.50804969],\n","       [ 0.3471401 ,  1.19483187,  0.17270336],\n","       [-2.20101593, -1.41934339, -0.5985932 ]])"]},"metadata":{},"execution_count":7}],"source":["#scaling\n","from sklearn.preprocessing import StandardScaler\n","\n","scaler = StandardScaler()\n","X_scaled = scaler.fit_transform(X)\n","X_scaled"]},{"cell_type":"code","execution_count":10,"metadata":{"executionInfo":{"elapsed":9,"status":"ok","timestamp":1678018186164,"user":{"displayName":"ì¡°ì„±ë¯¼","userId":"15810378992467426330"},"user_tz":-540},"id":"TjuIDQNMPgsp"},"outputs":[],"source":["features = X_scaled.T"]},{"cell_type":"code","execution_count":9,"metadata":{"colab":{"base_uri":"https://localhost:8080/"},"executionInfo":{"elapsed":288,"status":"ok","timestamp":1678018183022,"user":{"displayName":"ì¡°ì„±ë¯¼","userId":"15810378992467426330"},"user_tz":-540},"id":"9Z5Hpvl3vnfp","outputId":"6477fc11-b397-4659-861a-5d50d0537176"},"outputs":[{"output_type":"execute_result","data":{"text/plain":["array([[ 1.08573604,  0.93801686,  0.01477192,  1.04880625,  0.08863151,\n","        -0.09601747, -1.97943714,  0.2732805 ,  1.01187645, -0.53917504,\n","        -1.94250735,  0.16249111, -0.09601747, -0.09601747,  1.15959564,\n","        -0.35452606,  0.05170172,  1.12266584,  0.3471401 , -2.20101593],\n","       [ 0.02614175, -0.86575334, -0.92726334, -1.66538341, -1.41934339,\n","         0.76426183,  1.13332186,  0.42595679, -1.5116084 , -0.92726334,\n","         0.85652683,  0.82577183, -0.03536825,  1.28709688,  0.33369178,\n","         1.16407687,  0.64124181,  0.11840676,  1.19483187, -1.41934339],\n","       [ 0.30684189, -0.46445467, -1.30282049,  1.04460382, -1.47049366,\n","         0.97753455,  1.74883111, -0.1961776 , -1.40342439,  1.61469258,\n","         0.44098042,  0.60865359, -1.30282049, -0.76626636,  1.21227698,\n","        -0.06203907, -1.06807806,  0.50804969,  0.17270336, -0.5985932 ]])"]},"metadata":{},"execution_count":9}],"source":["features"]},{"cell_type":"markdown","metadata":{"id":"3HHTB65iPgsp"},"source":["### 1-2) ë‹¤ìŒìœ¼ë¡œ ê³µë¶„ì‚° í–‰ë ¬ì„ êµ¬í•©ë‹ˆë‹¤\n","\n","https://docs.scipy.org/doc/numpy/reference/generated/numpy.cov.html ë¥¼ ì°¸ê³ í•˜ì‹œë©´ ë„ì›€ì´ ë ê±°ì—ìš”"]},{"cell_type":"code","execution_count":11,"metadata":{"executionInfo":{"elapsed":310,"status":"ok","timestamp":1678018298126,"user":{"displayName":"ì¡°ì„±ë¯¼","userId":"15810378992467426330"},"user_tz":-540},"id":"lZ2KT6M3Pgsq","scrolled":true,"colab":{"base_uri":"https://localhost:8080/"},"outputId":"0681ea29-a738-4e5b-e1d3-858ce2b5112b"},"outputs":[{"output_type":"stream","name":"stdout","text":["[[ 1.05263158 -0.2037104  -0.12079228]\n"," [-0.2037104   1.05263158  0.3125801 ]\n"," [-0.12079228  0.3125801   1.05263158]]\n"]}],"source":["cov_matrix = np.cov(X_scaled.T)\n","print(cov_matrix)"]},{"cell_type":"markdown","metadata":{"id":"LDPacia_Pgsq"},"source":["### 1-3) ì´ì œ ê³ ìœ ê°’ê³¼ ê³ ìœ ë²¡í„°ë¥¼ êµ¬í•©ë‹ˆë‹¤\n","\n","ì‹¤ìŠµì½”ë“œë¥¼ ì°¸ê³ í•´ì£¼ì„¸ìš”"]},{"cell_type":"code","execution_count":12,"metadata":{"executionInfo":{"elapsed":790,"status":"ok","timestamp":1678018468781,"user":{"displayName":"ì¡°ì„±ë¯¼","userId":"15810378992467426330"},"user_tz":-540},"id":"u850XjOtv3b9","colab":{"base_uri":"https://localhost:8080/"},"outputId":"7e8d2724-e960-49fe-a3b9-9107e6a396fa"},"outputs":[{"output_type":"stream","name":"stdout","text":["Eigenvalues:  [1.48756162 0.94435407 0.72597904]\n","Eigenvectors:  [[ 0.47018528 -0.85137353 -0.23257022]\n"," [-0.64960236 -0.15545725 -0.74421087]\n"," [-0.59744671 -0.50099516  0.62614797]]\n"]}],"source":["import numpy.linalg as lin\n","\n","eigenvalues, eigenvectors = lin.eig(cov_matrix)\n","\n","print(\"Eigenvalues: \", eigenvalues)\n","print(\"Eigenvectors: \", eigenvectors)"]},{"cell_type":"markdown","metadata":{"id":"--C9kkKDPgsr"},"source":["### 1-4) ê³ ìœ ê°’ ë¶„í•´: ê³ ìœ ê°’ ë¶„í•´ì˜ ê³±ìœ¼ë¡œ ì›ë˜ ê³µë¶„ì‚° í–‰ë ¬ì„ êµ¬í•´ë´…ë‹ˆë‹¤\n","\n","https://docs.scipy.org/doc/numpy/reference/generated/numpy.dot.html ë¥¼ ì°¸ê³ í•´ì£¼ì„¸ìš”\n","\n","A = ğ‘ƒÎ›ğ‘ƒ`\n","ì´ ì‹ ê¸°ì–µë‚˜ì£ ?"]},{"cell_type":"code","execution_count":15,"metadata":{"colab":{"base_uri":"https://localhost:8080/"},"id":"_5_rABumDm6D","executionInfo":{"status":"ok","timestamp":1678018880918,"user_tz":-540,"elapsed":314,"user":{"displayName":"ì¡°ì„±ë¯¼","userId":"15810378992467426330"}},"outputId":"4381d096-48f0-4794-da7c-df819d4ebecf"},"outputs":[{"output_type":"stream","name":"stdout","text":["Reconstructed covariance matrix: \n"," [[ 1.05263158 -0.2037104  -0.12079228]\n"," [-0.2037104   1.05263158  0.3125801 ]\n"," [-0.12079228  0.3125801   1.05263158]]\n"]}],"source":["eigen_values_matrix = np.diag(eigenvalues) # eigenvalue ê°’ìœ¼ë¡œ ëŒ€ê°í–‰ë ¬ ë§Œë“¤ê¸°ê¸°\n","reconstructed_cov_matrix = np.dot(eigenvectors, np.dot(eigen_values_matrix, eigenvectors.T))\n","\n","print(\"Reconstructed covariance matrix: \\n\", reconstructed_cov_matrix)"]},{"cell_type":"markdown","metadata":{"id":"N4t2RjoNPgss"},"source":["### 1-5) ë§ˆì§€ë§‰ìœ¼ë¡œ ê³ ìœ  ë²¡í„° ì¶•ìœ¼ë¡œ ê°’ì„ ë³€í™˜í•©ë‹ˆë‹¤\n","\n","\n","https://docs.scipy.org/doc/numpy/reference/generated/numpy.concatenate.html"]},{"cell_type":"code","execution_count":24,"metadata":{"executionInfo":{"elapsed":420,"status":"ok","timestamp":1678025140444,"user":{"displayName":"ì¡°ì„±ë¯¼","userId":"15810378992467426330"},"user_tz":-540},"id":"HkhBLg0jPgss","colab":{"base_uri":"https://localhost:8080/"},"outputId":"29017a98-40f6-409f-df97-3d68a0fc967c"},"outputs":[{"output_type":"stream","name":"stdout","text":["[1.48756162 0.94435407 0.72597904]\n"]},{"output_type":"execute_result","data":{"text/plain":["<function list.index(value, start=0, stop=9223372036854775807, /)>"]},"metadata":{},"execution_count":24}],"source":["def new_coordinates(X,eigenvectors):\n","    for i in range(eigenvectors.shape[0]):\n","        if i == 0:\n","            new = [X.dot(eigenvectors.T[i])]\n","        else:\n","            new = np.concatenate((new,[X.dot(eigenvectors.T[i])]),axis=0)\n","    return new.T\n"]},{"cell_type":"code","source":["new_coordinates(X_scaled, eigenvectors)"],"metadata":{"colab":{"base_uri":"https://localhost:8080/"},"id":"5XIlPiAmGyq_","executionInfo":{"status":"ok","timestamp":1678025388263,"user_tz":-540,"elapsed":341,"user":{"displayName":"ì¡°ì„±ë¯¼","userId":"15810378992467426330"}},"outputId":"7f463b98-a490-4cff-fd3a-28affee66489"},"execution_count":26,"outputs":[{"output_type":"execute_result","data":{"text/plain":["array([[ 0.31019368, -1.08215716, -0.07983642],\n","       [ 1.28092404, -0.43132556,  0.13533091],\n","       [ 1.38766381,  0.78428014, -0.12911446],\n","       [ 0.95087515, -1.15737142,  1.6495519 ],\n","       [ 1.84222365,  0.88189889,  0.11493111],\n","       [-1.12563709, -0.52680338,  0.06564012],\n","       [-2.71174416,  0.63290138,  0.71195473],\n","       [-0.03100441, -0.20059783, -0.50339479],\n","       [ 2.29618509,  0.07661447,  0.01087174],\n","       [-0.61585248, -0.205764  ,  1.82651199],\n","       [-1.73320252,  1.29971699,  0.09045178],\n","       [-0.82366049, -0.57164535, -0.27123176],\n","       [ 0.75619512,  0.73995175, -0.76710616],\n","       [-0.42344386,  0.26555394, -1.41533681],\n","       [-0.39581307, -1.64646874,  0.24104031],\n","       [-0.88581498,  0.15195119, -0.82271209],\n","       [ 0.24587691,  0.39139878, -1.15801831],\n","       [ 0.14741103, -1.22874561, -0.03110396],\n","       [-0.7161265 , -0.56781471, -0.86180345],\n","       [ 0.24475107,  2.39442622,  1.19337361]])"]},"metadata":{},"execution_count":26}]},{"cell_type":"markdown","metadata":{"id":"B7c1o5URPgst"},"source":["# 2) PCAë¥¼ êµ¬í˜„í•´ë³´ê¸°\n","\n","ìœ„ì˜ ê³¼ì •ì„ í•˜ë‚˜ì˜ í•¨ìˆ˜ë¡œ í‘œí˜„í•´ì£¼ì„¸ìš”!\n","\n","1)ì—ì„œ ì§„í–‰í•œ ê³¼ì •ì„ ê·¸ëŒ€ë¡œ ê°€ì ¸ì˜¤ë©´ ë©ë‹ˆë‹¤..! , \n","\n","ìœ„ì—ì„œ ë§Œë“  í•¨ìˆ˜(new_coordinate)ë„ ê°€ì ¸ì˜¤ì…”ì„œ ì‚¬ìš©í•´ë„ ì¢‹ì•„ìš”!\n","\n","+í•˜ì§€ë§Œ ì´ í•¨ìˆ˜ëŠ” numberì´ë¼ëŠ” ì¸ìë¥¼ ë°›ì•„ì„œ pcaì—ì„œ ì£¼ì„±ë¶„ ê°œìˆ˜ë¥¼ ê³ ë ¤í•˜ë„ë¡ í•©ë‹ˆë‹¤!\n","\n","ê³ ìœ ê°’ì´ í° ì¶• ìˆœì„œë¡œ ì •ë ¬í•˜ëŠ” ê³¼ì • + ì£¼ì„±ë¶„ ê°œìˆ˜ numberì„ ê³ ë ¤í•´ì•¼í•œë‹¤ëŠ” ì ì„ ìœ ì˜í•´ì„œ í•¨ìˆ˜ë¥¼ ì •ì˜í•´ì£¼ì„¸ìš”\n"]},{"cell_type":"code","execution_count":null,"metadata":{"colab":{"base_uri":"https://localhost:8080/"},"executionInfo":{"elapsed":272,"status":"ok","timestamp":1629794797564,"user":{"displayName":"ê¹€ê±´ìš°","photoUrl":"https://lh3.googleusercontent.com/a-/AOh14GifAuBZsXu6RawBPfBoYmIJaUQ0zRxVy1udxOxf=s64","userId":"13140730798096026130"},"user_tz":-540},"id":"P_cF1LnX6eBh","outputId":"b644f825-9c82-4573-ea35-20b5a3ea0d56"},"outputs":[{"data":{"text/plain":["array([[ 0.47018528, -0.85137353, -0.23257022],\n","       [-0.64960236, -0.15545725, -0.74421087],\n","       [-0.59744671, -0.50099516,  0.62614797]])"]},"execution_count":126,"metadata":{},"output_type":"execute_result"}],"source":["eigenvectors"]},{"cell_type":"code","source":["idx = list(eigenvalues.argsort()[::-1])\n","idx.index(1)"],"metadata":{"colab":{"base_uri":"https://localhost:8080/"},"id":"GN1vcAtkH1T6","executionInfo":{"status":"ok","timestamp":1678025925057,"user_tz":-540,"elapsed":497,"user":{"displayName":"ì¡°ì„±ë¯¼","userId":"15810378992467426330"}},"outputId":"86b62978-72d8-4438-cce6-3c74eba21036"},"execution_count":33,"outputs":[{"output_type":"execute_result","data":{"text/plain":["1"]},"metadata":{},"execution_count":33}]},{"cell_type":"code","source":["new_coordinate = new_coordinates(X_scaled, eigenvectors)\n","new_coordinate"],"metadata":{"colab":{"base_uri":"https://localhost:8080/"},"id":"y0wem170HwsW","executionInfo":{"status":"ok","timestamp":1678025940293,"user_tz":-540,"elapsed":387,"user":{"displayName":"ì¡°ì„±ë¯¼","userId":"15810378992467426330"}},"outputId":"5bda9a53-b9c0-4e02-e674-7287547c0e82"},"execution_count":35,"outputs":[{"output_type":"execute_result","data":{"text/plain":["array([[ 0.31019368, -1.08215716, -0.07983642],\n","       [ 1.28092404, -0.43132556,  0.13533091],\n","       [ 1.38766381,  0.78428014, -0.12911446],\n","       [ 0.95087515, -1.15737142,  1.6495519 ],\n","       [ 1.84222365,  0.88189889,  0.11493111],\n","       [-1.12563709, -0.52680338,  0.06564012],\n","       [-2.71174416,  0.63290138,  0.71195473],\n","       [-0.03100441, -0.20059783, -0.50339479],\n","       [ 2.29618509,  0.07661447,  0.01087174],\n","       [-0.61585248, -0.205764  ,  1.82651199],\n","       [-1.73320252,  1.29971699,  0.09045178],\n","       [-0.82366049, -0.57164535, -0.27123176],\n","       [ 0.75619512,  0.73995175, -0.76710616],\n","       [-0.42344386,  0.26555394, -1.41533681],\n","       [-0.39581307, -1.64646874,  0.24104031],\n","       [-0.88581498,  0.15195119, -0.82271209],\n","       [ 0.24587691,  0.39139878, -1.15801831],\n","       [ 0.14741103, -1.22874561, -0.03110396],\n","       [-0.7161265 , -0.56781471, -0.86180345],\n","       [ 0.24475107,  2.39442622,  1.19337361]])"]},"metadata":{},"execution_count":35}]},{"cell_type":"code","execution_count":36,"metadata":{"executionInfo":{"elapsed":503,"status":"ok","timestamp":1678026012335,"user":{"displayName":"ì¡°ì„±ë¯¼","userId":"15810378992467426330"},"user_tz":-540},"id":"5qOrSvvZPgst"},"outputs":[],"source":["from sklearn.preprocessing import StandardScaler\n","\n","def MYPCA(X,number):\n","    # Scaling\n","    scaler = StandardScaler()\n","    X_scaled = scaler.fit_transform(X)\n","\n","    # Covariance\n","    cov_matrix = np.cov(X_scaled.T)\n","    # eigenvalues, eigenvectors\n","    eigenvalues, eigenvectors = lin.eig(cov_matrix)\n","    #np.dot(np.dot(eigenvectors,mat),eigenvectors.T)\n","\n","    # ê³ ìœ ê°’ ì •ë ¬ ë° ê³ ìœ ê°’ í¬ê¸°ì— ë”°ë¼ ê³ ìœ ë²¡í„°ë„ ì •ë ¬\n","\n","    def new_coordinates(X,eigenvectors):\n","        for i in range(eigenvectors.shape[0]):\n","            if i == 0:\n","                new = [X.dot(eigenvectors.T[i])]\n","            else:\n","                new = np.concatenate((new,[X.dot(eigenvectors.T[i])]),axis=0)\n","        return new.T\n","\n","    new_coordinate = new_coordinates(X_scaled, eigenvectors) # ê° ë³€ìˆ˜ë“¤ì— ëŒ€í•´ ê³ ìœ  ë²¡í„° ì¶•ìœ¼ë¡œ ë³€í™˜ ì™„ë£Œ\n","    idx = list(eigenvalues.argsort()[::-1]) # ë‚´ë¦¼ì°¨ìˆœìœ¼ë¡œ ê³ ìœ ê°’ì˜ index ì €ì¥\n","\n","    for i in range(number):  # ê³ ìœ ê°’ì´ í° indexë¶€í„° numberë§Œí¼ ê°€ì ¸ì™€ ë³€ìˆ˜ë¡œ ì‚¬ìš©\n","        if i==0:\n","            new = [new_coordinate[:, idx.index(i)]]\n","        else:\n","            new = np.concatenate(([new, [new_coordinate[:, idx.index(i)]]]), axis=0)\n","\n","\n","    return new.T #ìƒˆë¡œìš´ ì¶•ìœ¼ë¡œ ë³€í™˜ë˜ì–´ ë‚˜íƒ€ë‚œ ë°ì´í„° return"]},{"cell_type":"code","execution_count":37,"metadata":{"id":"XAtXIzPHPgst","outputId":"65898cad-07ca-44d1-a86f-43130c4a3f29","scrolled":true,"colab":{"base_uri":"https://localhost:8080/"},"executionInfo":{"status":"ok","timestamp":1678026014689,"user_tz":-540,"elapsed":322,"user":{"displayName":"ì¡°ì„±ë¯¼","userId":"15810378992467426330"}}},"outputs":[{"output_type":"execute_result","data":{"text/plain":["array([[ 0.31019368, -1.08215716, -0.07983642],\n","       [ 1.28092404, -0.43132556,  0.13533091],\n","       [ 1.38766381,  0.78428014, -0.12911446],\n","       [ 0.95087515, -1.15737142,  1.6495519 ],\n","       [ 1.84222365,  0.88189889,  0.11493111],\n","       [-1.12563709, -0.52680338,  0.06564012],\n","       [-2.71174416,  0.63290138,  0.71195473],\n","       [-0.03100441, -0.20059783, -0.50339479],\n","       [ 2.29618509,  0.07661447,  0.01087174],\n","       [-0.61585248, -0.205764  ,  1.82651199],\n","       [-1.73320252,  1.29971699,  0.09045178],\n","       [-0.82366049, -0.57164535, -0.27123176],\n","       [ 0.75619512,  0.73995175, -0.76710616],\n","       [-0.42344386,  0.26555394, -1.41533681],\n","       [-0.39581307, -1.64646874,  0.24104031],\n","       [-0.88581498,  0.15195119, -0.82271209],\n","       [ 0.24587691,  0.39139878, -1.15801831],\n","       [ 0.14741103, -1.22874561, -0.03110396],\n","       [-0.7161265 , -0.56781471, -0.86180345],\n","       [ 0.24475107,  2.39442622,  1.19337361]])"]},"metadata":{},"execution_count":37}],"source":["MYPCA(X,3)\n","\n","# ìƒˆë¡œìš´ ì¶•ìœ¼ë¡œ ì˜ ë³€í™˜ë˜ì–´ì„œ ë‚˜íƒ€ë‚˜ë‚˜ìš”?\n","# ìœ„ì—ì„œ í–ˆë˜ PCAë‘ì€ ì°¨ì´ê°€ ìˆì„ ìˆ˜ ìˆì–´ìš” \n","# ì™œëƒí•˜ë©´ ìœ„ì—ì„œëŠ” ê³ ìœ ê°’ì´ í° ì¶• ìˆœì„œë¡œ ì •ë ¬ì„ ì•ˆí–ˆì—ˆê±°ë“ ìš”"]},{"cell_type":"markdown","metadata":{"id":"Q8E2iMssPgsu"},"source":["# 3) sklearnì´ë‘ ë¹„êµë¥¼ í•´ë³´ê¸°\n","\n","https://scikit-learn.org/stable/modules/generated/sklearn.decomposition.PCA.html ë¥¼ ì°¸ê³ í•˜ì‹œë©´ ë„ì›€ì´ ë ê±°ì—ìš”"]},{"cell_type":"code","execution_count":38,"metadata":{"id":"YLelmhAXPgsu","executionInfo":{"status":"ok","timestamp":1678026040791,"user_tz":-540,"elapsed":845,"user":{"displayName":"ì¡°ì„±ë¯¼","userId":"15810378992467426330"}}},"outputs":[],"source":["from sklearn.decomposition import PCA\n","pca = PCA(n_components=3)"]},{"cell_type":"code","execution_count":41,"metadata":{"id":"b23tW08RPgsu","outputId":"67aec839-1191-482a-8512-a4f847c5fceb","colab":{"base_uri":"https://localhost:8080/"},"executionInfo":{"status":"ok","timestamp":1678026083062,"user_tz":-540,"elapsed":333,"user":{"displayName":"ì¡°ì„±ë¯¼","userId":"15810378992467426330"}}},"outputs":[{"output_type":"execute_result","data":{"text/plain":["array([[-0.31019368, -1.08215716, -0.07983642],\n","       [-1.28092404, -0.43132556,  0.13533091],\n","       [-1.38766381,  0.78428014, -0.12911446],\n","       [-0.95087515, -1.15737142,  1.6495519 ],\n","       [-1.84222365,  0.88189889,  0.11493111],\n","       [ 1.12563709, -0.52680338,  0.06564012],\n","       [ 2.71174416,  0.63290138,  0.71195473],\n","       [ 0.03100441, -0.20059783, -0.50339479],\n","       [-2.29618509,  0.07661447,  0.01087174],\n","       [ 0.61585248, -0.205764  ,  1.82651199],\n","       [ 1.73320252,  1.29971699,  0.09045178],\n","       [ 0.82366049, -0.57164535, -0.27123176],\n","       [-0.75619512,  0.73995175, -0.76710616],\n","       [ 0.42344386,  0.26555394, -1.41533681],\n","       [ 0.39581307, -1.64646874,  0.24104031],\n","       [ 0.88581498,  0.15195119, -0.82271209],\n","       [-0.24587691,  0.39139878, -1.15801831],\n","       [-0.14741103, -1.22874561, -0.03110396],\n","       [ 0.7161265 , -0.56781471, -0.86180345],\n","       [-0.24475107,  2.39442622,  1.19337361]])"]},"metadata":{},"execution_count":41}],"source":["pca.fit_transform(X_scaled)"]},{"cell_type":"code","execution_count":42,"metadata":{"id":"4LuSOZgVPgsu","outputId":"56269872-7d28-472c-f957-8ffb617b16ec","colab":{"base_uri":"https://localhost:8080/"},"executionInfo":{"status":"ok","timestamp":1678026086841,"user_tz":-540,"elapsed":464,"user":{"displayName":"ì¡°ì„±ë¯¼","userId":"15810378992467426330"}}},"outputs":[{"output_type":"execute_result","data":{"text/plain":["array([[ 0.31019368, -1.08215716, -0.07983642],\n","       [ 1.28092404, -0.43132556,  0.13533091],\n","       [ 1.38766381,  0.78428014, -0.12911446],\n","       [ 0.95087515, -1.15737142,  1.6495519 ],\n","       [ 1.84222365,  0.88189889,  0.11493111],\n","       [-1.12563709, -0.52680338,  0.06564012],\n","       [-2.71174416,  0.63290138,  0.71195473],\n","       [-0.03100441, -0.20059783, -0.50339479],\n","       [ 2.29618509,  0.07661447,  0.01087174],\n","       [-0.61585248, -0.205764  ,  1.82651199],\n","       [-1.73320252,  1.29971699,  0.09045178],\n","       [-0.82366049, -0.57164535, -0.27123176],\n","       [ 0.75619512,  0.73995175, -0.76710616],\n","       [-0.42344386,  0.26555394, -1.41533681],\n","       [-0.39581307, -1.64646874,  0.24104031],\n","       [-0.88581498,  0.15195119, -0.82271209],\n","       [ 0.24587691,  0.39139878, -1.15801831],\n","       [ 0.14741103, -1.22874561, -0.03110396],\n","       [-0.7161265 , -0.56781471, -0.86180345],\n","       [ 0.24475107,  2.39442622,  1.19337361]])"]},"metadata":{},"execution_count":42}],"source":["MYPCA(X,3)"]}],"metadata":{"colab":{"provenance":[]},"kernelspec":{"display_name":"Python 3 (ipykernel)","language":"python","name":"python3"},"language_info":{"codemirror_mode":{"name":"ipython","version":3},"file_extension":".py","mimetype":"text/x-python","name":"python","nbconvert_exporter":"python","pygments_lexer":"ipython3","version":"3.7.3"},"toc":{"base_numbering":1,"nav_menu":{},"number_sections":true,"sideBar":true,"skip_h1_title":false,"title_cell":"Table of Contents","title_sidebar":"Contents","toc_cell":false,"toc_position":{},"toc_section_display":true,"toc_window_display":false}},"nbformat":4,"nbformat_minor":0}